$ANSIBLE_VAULT;1.1;AES256
66653830373832303131373337653937346264376462666632623938383066643735343136383866
6333396532306637623563353935356533346562663262310a363766383336333333313230663438
37653366373366393031633738383162366539353636346430306236623135336136656639643930
3835323739363136360a383433326562623865323633646334636564356637626634613661346134
31396430663230343563396666613733373138613134343161366365333030313963323636323835
37623236343562376463356463666337393561326439343464393865316461363437396439646232
63646266366232386433656663656263323666626161313930633564656234333263363032663036
31383238646630333933316430306566623033346464653032356663653663316361396165343136
61663433313837303164303135626163326566313563333662303533636238646534396532626536
34356536626130663963626662363135316130626232313263373162336434303230346365656161
66653464343236313638623530376631643931666566323132343937306237356435623365336536
62333331633165656264666632346336376438346666363838626630356664316465626235303634
35333432363265373339636464323166383435613565376539633635653561386532336638616262
32363733306132633833653665393865643930386365303639346563626162373139383032626537
626535396232653930396361656333613435
