$ANSIBLE_VAULT;1.1;AES256
36626662653331383233626263636633663637646633623434636633393734636137656233633432
3766623233663361646166383633386365303731313338300a646261353630613530343232313739
34613862366562303564363738373665376261636532313132663364366361623232343933326430
3533623363636466330a656234643330303339653436383532633634303931356361386139396439
33363632303734636131313931316136626435393835653062343737363431313964346365396437
35396539363763623139393430373132623664356564366463336632396662613736323230336539
34626431643931323865663932323232363637633562333564376230373534346538666638323732
38646434386538326539653862616435353338323461346561326561376463613931663837613939
61613338306363646530356431373935386430666266313961313163396234363437336639646335
66366234616461616266336530303266343563623766313033333332633534623431393465616132
35383165373430333461653636636461323238366130383666623236653330313132633666313235
65666265396636643564393232336335343434656663353862393439623730393062333036373832
63356437616336313537303331396663373338643463393634303766336633396261363437393466
37376438376164383538666530613333366435656434383835353163656237303036313964636135
65663762613730623961353466633436393034623233373863616661346431376164613833643739
36343238306366666433653632383531336136636434383561613231316538316335623630333237
31333338373231313833666235323436373462303666303736363135366364336365303165333463
30316366623763396566306130643934306431346631383536313761313562636430663266666461
31313938653637633834353162373764333738383633653263303930363235313262666561313464
34323664396563663130613638333434643638326262323562333764343262363465666465313761
65663634666432323438356433363066626234386463616134616366386662653766643434316239
30316663363036303036333638316634666364376538373563393533613139346332353761393062
34336432623036303236333632373733353638326664613030333336653166643136393566653839
63303061346466356339613338663765633863313664343132323666623834343533386132353633
38363463366561393861326236663165663034323433373730656139376265643631
