$ANSIBLE_VAULT;1.1;AES256
30363364616435373432373066613861613162396165363830636135303362353064636362646638
6330356264363134313863326262353431353532316434310a333135616263636466663130643338
63306665343338333262383433323466633138363862316639326163363933396633356261623866
6430613034363338320a343065613630633037373138366232666665323938653538386335666137
31376137343932633232343362343730356335643161306434396165396233393234656230343363
61306136393966343832643433656362303830646661646563363433303938623362393462313333
63393866643938373361343838373565626535646465333839643462363530616461323861336333
64376364353533646333326163613838633237366639646639356165323433626463623431303936
38643365336534383236633563343834363864666335653162663464653234373533653236656337
35366263636633326131653530323132636234613433633236346239316637663261623530373938
62313235373863303438333535383932396435613939343433643863616537333936663730363461
62346362636236663331353433666636323232303736633561343337353066633131393865393266
32386231326130623535346633636534363434333637623363383433613432363638633061313862
37336230333665613561373639316238626633306135306432313463663937393032636536303633
36653533306239393566353131346266363563626166653166313136313634333266303638393264
34313138303465626536393036313732336533643764376661663039656339636239643637313031
32393433653030646265313431626533626231376139373532336336666666346235396566306133
62323361646631393434643337633739313166613965326435363164363637646261643562313731
36616263663433373862323230623438643939353131343730363062626531323830616338353539
30386666653266376233336636666137373539396639396366383638343833653463303461633731
38373463303135613066613234376661663232386636303430633133353931636637343534306230
34663533313838303738363538373930306339663330643037373136393836663938363330636362
66363132303134646339663463663034363063613866376639376235623432653339333136363032
36643831326137633232653537343937386462343662653535316436366563383663623536393937
31663165373462353834613930343661326531343035646339353335366633366564
